[gd_scene load_steps=5 format=3 uid="uid://cmqus20pob1vy"]

[ext_resource type="Script" uid="uid://cfwlqcuc4nj0q" path="res://scripts/player1.gd" id="1_xo3ru"]
[ext_resource type="Script" uid="uid://0j3hksk25rc" path="res://scripts/camera_rig.gd" id="2_fvtld"]
[ext_resource type="PackedScene" uid="uid://dd4te4cshqc2" path="res://meshes/hero_male.glb" id="2_hjaqi"]

[sub_resource type="CapsuleShape3D" id="CapsuleShape3D_ymgvx"]

[node name="Player" type="CharacterBody3D"]
script = ExtResource("1_xo3ru")

[node name="CollisionShape3D" type="CollisionShape3D" parent="."]
transform = Transform3D(0.980126, 0, 0.198376, 0, 1, 0, -0.198376, 0, 0.980126, 0.00197792, 1.50605, 0.249206)
shape = SubResource("CapsuleShape3D_ymgvx")
debug_color = Color(0.120484, 0.578418, 0.787201, 0.42)

[node name="SpringArm3D" type="SpringArm3D" parent="."]
transform = Transform3D(0.998468, 0.0335564, -0.0439956, -0.0344225, 0.999225, -0.0190792, 0.0433213, 0.0205644, 0.998849, -0.465294, 1.23912, 0.00299144)
spring_length = 3.5
script = ExtResource("2_fvtld")

[node name="Camera3D" type="Camera3D" parent="SpringArm3D"]
transform = Transform3D(0.994589, -0.0319304, 0.0988608, 0.0464965, 0.987783, -0.148741, -0.0929036, 0.152533, 0.983922, -3.156, 0.277, 3.5)
fov = 98.9918

[node name="mesh" parent="." instance=ExtResource("2_hjaqi")]
transform = Transform3D(-0.999867, 0, -0.016318, 0, 1, 0, 0.016318, 0, -0.999867, 0, 0.478363, 0)

[node name="Skeleton3D" parent="mesh/HeroRig_export" index="0"]
bones/0/position = Vector3(0.00332615, 1.13667, 0.0351845)
bones/0/rotation = Quaternion(0.999462, 2.86706e-09, 1.08444e-14, -0.0327953)
bones/1/rotation = Quaternion(0.757629, 0.00361392, -0.00274927, 0.65267)
bones/2/rotation = Quaternion(-0.804927, 0.0229232, -0.0285022, 0.592246)
bones/3/rotation = Quaternion(0.178039, -0.00413044, 0.0149119, 0.983902)
bones/4/rotation = Quaternion(-0.135017, -0.0370497, -0.0104043, 0.990096)
bones/5/rotation = Quaternion(-0.836441, -0.00904293, 0.0423978, 0.54634)
bones/6/rotation = Quaternion(0.446008, 0.00375406, -0.0373562, 0.894241)
bones/7/rotation = Quaternion(-0.222541, 0.0150432, -0.000596655, 0.974807)
bones/8/rotation = Quaternion(0.999551, 0.00199231, 0.0107373, -0.0279097)
bones/9/rotation = Quaternion(0.0105618, 0.0127713, -0.00283457, 0.999859)
bones/10/rotation = Quaternion(-0.764379, -0.0314, -0.0292076, 0.64334)
bones/11/rotation = Quaternion(0.976737, 0.183159, -0.00715077, -0.111297)
bones/12/rotation = Quaternion(-0.299229, 0.00678073, -0.0239518, 0.953857)
bones/13/rotation = Quaternion(0.0020645, -0.218281, 0.182828, 0.958605)
bones/14/rotation = Quaternion(-0.434575, 0.895009, -0.0717361, 0.0704039)
bones/15/rotation = Quaternion(-0.172143, 0.721074, 0.191825, 0.643135)
bones/16/rotation = Quaternion(-0.217669, -0.000106949, 0.000375304, 0.976022)
bones/17/rotation = Quaternion(-0.18079, -1.13948e-06, -2.39971e-07, 0.983522)
bones/18/rotation = Quaternion(-3.12697e-07, -0.143691, -2.06011e-06, 0.989623)
bones/19/rotation = Quaternion(0.720689, -0.692637, -0.0135034, -0.0260835)
bones/20/rotation = Quaternion(0.971517, -0.188251, -0.0531786, -0.13375)
bones/21/rotation = Quaternion(-0.331068, -0.00670564, 0.0265008, 0.943211)
bones/22/rotation = Quaternion(-0.0597498, 0.340704, -0.159012, 0.924698)
bones/24/rotation = Quaternion(0.434575, 0.895009, -0.071736, -0.0704038)
bones/25/rotation = Quaternion(-0.172143, -0.721073, -0.191825, 0.643135)
bones/26/rotation = Quaternion(-0.21767, 0.000106778, -0.000375399, 0.976022)
bones/27/rotation = Quaternion(-0.18079, 1.1035e-06, 2.25696e-07, 0.983522)
bones/28/rotation = Quaternion(-6.30134e-07, 0.253763, 2.12984e-06, 0.967267)
bones/29/rotation = Quaternion(0.999885, -0.00167691, -0.00632733, -0.0136884)
bones/29/scale = Vector3(1, 1, 1)

[node name="AnimationPlayer" parent="mesh" index="1"]
autoplay = "freehand_walk"

[editable path="mesh"]
